113.86	5.05	54.16
113.30	5.05	52.44
112.95	5.05	50.75
112.76	5.05	49.16
112.74	5.05	47.78
112.86	5.05	46.69
113.09	5.05	45.98
113.42	5.05	45.74
113.82	5.05	46.06
114.33	5.05	47.83
114.88	5.05	50.45
115.40	5.04	53.11
115.84	5.04	55.42
115.99	5.03	55.67
115.97	5.03	54.71
115.88	5.03	53.44
115.78	5.02	52.19
115.86	5.02	52.32
116.06	5.02	53.39
116.25	5.01	54.63
116.42	5.01	55.83
116.47	5.01	56.50
116.30	5.00	56.24
116.10	5.00	55.67
115.89	5.00	54.86
115.70	4.99	53.84
115.66	5.00	52.42
115.67	5.00	51.07
115.71	5.00	49.96
115.79	5.01	49.25
115.92	5.01	50.13
116.07	5.02	51.51
116.23	5.02	53.07
116.37	5.03	54.61
116.43	5.03	55.30
116.44	5.03	55.46
116.46	5.04	55.43
116.50	5.04	55.28
116.64	5.05	55.20
116.92	5.05	55.32
117.20	5.06	55.40
117.44	5.06	55.41
117.61	5.06	55.31
117.42	5.07	54.65
117.19	5.07	54.00
116.98	5.08	53.50
116.85	5.08	53.26
117.10	5.09	54.26
117.48	5.10	55.51
117.89	5.11	56.68
118.30	5.11	57.51
118.52	5.12	56.48
118.69	5.13	55.19
118.81	5.14	53.95
118.89	5.15	53.35
118.92	5.15	54.40
118.92	5.16	55.77
118.87	5.17	57.19
118.78	5.18	58.17
118.63	5.19	58.16
118.46	5.19	57.84
118.27	5.20	57.26
118.06	5.21	56.41
117.84	5.22	55.27
117.64	5.22	54.21
117.47	5.23	53.40
117.38	5.23	53.24
117.41	5.24	54.33
117.48	5.24	55.64
117.57	5.24	56.96
117.64	5.24	57.60
117.68	5.24	57.53
117.74	5.24	57.33
117.83	5.25	57.15
118.02	5.25	57.67
118.26	5.25	58.45
118.55	5.25	59.20
118.86	5.25	59.77
119.27	5.25	59.72
119.66	5.26	59.30
119.99	5.26	58.56
120.21	5.26	57.50
119.97	5.26	55.69
119.69	5.26	53.78
119.48	5.26	51.99
119.58	5.26	50.57
120.26	5.26	49.83
121.05	5.26	49.66
121.81	5.26	50.15
122.26	5.26	51.90
122.34	5.26	54.75
122.30	5.25	57.79
122.18	5.25	60.64
122.12	5.25	62.04
122.04	5.25	62.73
121.92	5.24	62.91
121.75	5.24	62.65
121.57	5.24	62.04
121.28	5.24	61.12
120.85	5.23	59.93
120.13	5.23	58.34
119.12	5.23	56.48
118.03	5.23	54.85
116.94	5.22	53.72
116.16	5.22	54.64
115.43	5.22	55.94
114.71	5.22	57.18
113.87	5.21	57.21
112.89	5.21	55.79
112.01	5.21	54.22
111.29	5.21	52.88
111.12	5.21	53.37
111.21	5.21	54.47
111.41	5.21	55.66
111.62	5.21	56.28
111.74	5.21	55.73
111.79	5.21	55.01
111.71	5.21	54.34
111.29	5.21	54.49
110.66	5.22	55.14
109.98	5.22	55.88
109.31	5.22	56.57
108.96	5.22	56.58
108.71	5.22	56.38
108.51	5.22	56.04
108.35	5.22	55.62
108.07	5.23	55.34
107.78	5.23	55.06
107.55	5.23	54.70
107.41	5.23	54.23
107.43	5.23	53.26
107.60	5.23	52.07
107.92	5.23	51.04
108.39	5.23	50.33
109.02	5.24	50.67
109.81	5.24	51.64
110.82	5.24	52.85
112.08	5.24	54.11
113.83	5.24	55.04
115.68	5.24	55.91
117.49	5.25	56.72
119.02	5.25	57.58
120.23	5.25	58.39
121.18	5.25	59.02
121.81	5.25	59.36
121.97	5.25	59.29
121.89	5.26	58.84
121.63	5.26	58.00
121.35	5.26	56.32
121.07	5.26	54.03
120.73	5.26	51.67
120.36	5.26	49.52
119.93	5.27	48.47
119.48	5.27	48.42
119.03	5.27	48.79
118.61	5.27	49.45
118.25	5.27	50.12
117.97	5.28	50.61
117.76	5.28	51.20
117.63	5.28	51.94
117.60	5.28	52.88
117.85	5.28	54.32
118.10	5.28	55.77
118.25	5.28	57.12
118.13	5.28	58.11
117.58	5.28	58.52
116.89	5.27	58.66
116.11	5.27	58.60
115.38	5.26	58.45
114.73	5.26	58.23
114.11	5.26	57.88
113.52	5.26	57.40
113.00	5.25	56.64
112.55	5.25	55.58
112.17	5.25	54.55
111.84	5.24	53.69
111.57	5.24	53.22
111.30	5.24	53.71
111.14	5.23	54.43
111.10	5.23	55.23
111.24	5.23	55.96
111.73	5.23	56.20
112.32	5.23	56.32
112.95	5.23	56.34
113.53	5.23	56.26
113.99	5.24	56.10
114.35	5.24	55.93
114.60	5.25	55.80
114.61	5.25	55.81
114.45	5.25	55.94
114.19	5.26	56.15
113.86	5.26	56.43
113.49	5.27	56.82
113.11	5.27	57.25
112.76	5.28	57.67
112.48	5.28	58.05
112.48	5.28	58.22
112.57	5.29	58.31
112.67	5.29	58.36
112.74	5.30	58.40
112.47	5.30	58.46
112.09	5.30	58.55
111.80	5.31	58.67
111.67	5.31	58.83
112.07	5.31	59.18
112.74	5.31	59.56
113.57	5.31	59.90
114.52	5.31	60.12
115.52	5.30	60.10
116.51	5.30	59.94
117.43	5.30	59.64
118.13	5.29	59.00
118.59	5.29	58.12
118.93	5.28	57.33
119.17	5.28	56.81
119.40	5.28	57.50
119.58	5.27	58.73
119.72	5.27	60.00
119.83	5.27	61.05
119.94	5.26	60.55
120.03	5.26	59.38
120.09	5.26	58.05
120.11	5.25	56.79
120.07	5.25	56.46
119.99	5.25	56.96
119.85	5.25	57.59
119.65	5.25	58.18
119.41	5.25	58.23
119.14	5.25	57.32
118.78	5.25	56.30
118.33	5.25	55.32
117.76	5.25	54.56
116.79	5.25	55.23
115.75	5.25	56.14
114.71	5.26	57.11
113.74	5.26	57.93
113.02	5.26	57.78
112.59	5.26	56.74
112.32	5.26	55.64
112.20	5.26	54.69
112.27	5.26	54.27
112.59	5.26	55.44
113.00	5.26	56.82
113.45	5.26	58.19
113.89	5.26	59.14
114.23	5.26	59.00
114.49	5.25	58.55
114.64	5.25	57.88
114.55	5.25	57.19
114.18	5.24	56.64
113.71	5.24	56.04
113.21	5.24	55.36
112.80	5.24	54.40
112.50	5.23	53.20
112.28	5.23	52.14
112.13	5.23	51.38
112.09	5.23	51.66
112.16	5.22	52.80
112.31	5.22	53.92
112.55	5.22	54.70
112.96	5.21	53.61
113.43	5.21	51.79
113.89	5.20	49.84
114.28	5.19	48.17
114.46	5.19	47.72
114.53	5.18	47.75
114.49	5.17	48.24
114.31	5.17	49.37
113.93	5.16	51.42
113.54	5.15	53.40
113.20	5.15	54.94
113.20	5.14	54.73
113.50	5.13	52.89
113.80	5.13	50.67
114.02	5.12	48.48
113.74	5.11	47.61
113.22	5.11	47.43
112.60	5.10	47.63
111.96	5.10	48.13
111.56	5.09	48.60
111.20	5.08	49.30
110.84	5.08	50.26
110.46	5.07	51.49
109.90	5.06	53.69
109.33	5.05	55.98
108.80	5.05	58.07
108.34	5.04	59.71
108.18	5.04	59.37
108.09	5.05	58.51
108.03	5.05	57.50
107.95	5.06	56.63
107.49	5.06	57.72
107.05	5.07	58.90
106.76	5.08	59.71
106.79	5.09	59.40
107.54	5.09	56.31
108.47	5.10	52.81
109.44	5.11	49.45
110.19	5.11	47.94
110.66	5.12	48.25
110.98	5.13	48.95
111.14	5.14	49.63
110.99	5.14	48.52
110.68	5.15	46.78
110.34	5.16	45.12
110.02	5.17	43.87
110.08	5.17	44.69
110.24	5.18	46.16
110.44	5.19	47.99
110.65	5.19	49.95
110.63	5.20	51.34
110.61	5.21	52.57
110.66	5.21	53.67
110.84	5.21	54.64
111.51	5.22	55.58
112.23	5.22	56.30
112.90	5.22	56.72
113.34	5.23	56.75
113.29	5.23	56.27
113.08	5.23	55.37
112.73	5.24	54.04
112.33	5.24	51.80
111.92	5.24	48.56
111.49	5.25	45.41
111.05	5.25	42.79
110.62	5.25	41.54
110.27	5.26	43.96
109.93	5.26	47.10
109.60	5.26	50.44
109.28	5.26	53.46
108.80	5.27	53.32
108.33	5.27	51.96
107.97	5.27	50.53
107.77	5.27	49.53
108.03	5.27	50.97
108.64	5.27	54.14
109.35	5.27	57.49
110.10	5.27	60.50
110.70	5.27	61.30
111.18	5.26	60.86
111.54	5.26	59.93
111.73	5.26	58.75
111.53	5.25	58.27
111.17	5.25	57.88
110.70	5.25	57.53
110.17	5.24	57.19
109.70	5.24	56.66
109.26	5.24	56.14
108.83	5.23	55.72
108.44	5.23	55.46
108.09	5.23	55.57
107.80	5.22	56.23
107.59	5.22	57.01
107.47	5.22	57.84
107.47	5.21	58.63
107.67	5.21	58.81
108.00	5.21	58.89
108.45	5.21	59.06
109.00	5.20	59.45
109.69	5.19	60.76
110.46	5.18	62.35
111.26	5.17	63.88
112.08	5.15	65.10
113.00	5.14	65.58
113.76	5.12	65.59
114.26	5.11	65.13
114.10	5.10	63.97
113.37	5.08	62.22
112.46	5.07	60.18
111.52	5.05	58.01
111.03	5.04	55.92
110.66	5.02	53.95
110.38	5.01	52.22
110.18	5.00	50.93
110.04	4.98	50.83
109.97	4.97	51.12
109.93	4.95	51.69
109.94	4.94	52.40
109.95	4.92	53.06
109.91	4.91	53.12
109.90	4.90	53.10
109.91	4.88	53.05
109.96	4.87	52.96
110.04	4.85	52.84
110.16	4.84	52.61
110.35	4.82	52.48
110.63	4.81	52.50
111.00	4.80	52.77
111.52	4.78	53.73
112.17	4.77	55.11
112.93	4.75	56.53
113.78	4.75	57.81
114.79	4.75	58.49
115.88	4.76	58.74
116.96	4.77	58.76
117.99	4.78	58.62
118.84	4.79	58.58
119.55	4.80	58.42
120.06	4.81	58.08
120.35	4.82	57.52
120.11	4.83	56.28
119.70	4.84	54.93
119.19	4.85	53.62
118.65	4.87	52.49
118.56	4.88	52.46
118.53	4.89	52.74
118.47	4.90	53.12
118.31	4.90	53.47
117.83	4.91	53.35
116.94	4.92	52.62
115.99	4.92	51.78
115.04	4.92	50.91
114.19	4.92	50.12
113.85	4.91	49.86
113.61	4.90	49.69
113.42	4.89	49.56
113.22	4.87	49.41
112.82	4.86	49.05
112.23	4.84	48.48
111.59	4.82	47.88
110.93	4.80	47.26
110.26	4.79	46.67
109.68	4.77	46.15
109.14	4.75	45.72
108.64	4.74	45.39
108.20	4.73	45.20
107.82	4.74	45.33
107.51	4.75	45.81
107.28	4.78	46.34
107.11	4.81	46.84
107.03	4.84	47.18
107.09	4.86	47.05
107.20	4.89	46.78
107.34	4.91	46.39
107.48	4.94	45.90
107.61	4.97	45.21
107.69	4.99	44.59
107.72	5.02	44.17
107.65	5.05	44.16
107.39	5.07	45.11
107.04	5.10	46.31
106.63	5.12	47.59
106.18	5.15	48.80
105.63	5.16	49.28
105.11	5.18	49.59
104.66	5.19	49.78
104.32	5.20	49.89
104.37	5.20	50.05
104.57	5.20	50.20
104.84	5.19	50.33
105.10	5.19	50.45
105.22	5.18	50.87
105.27	5.18	51.22
105.25	5.17	51.33
105.15	5.16	51.06
104.80	5.16	49.41
104.38	5.15	47.33
104.01	5.15	45.28
103.74	5.14	43.55
103.88	5.14	43.21
104.19	5.13	43.52
104.60	5.13	44.32
105.06	5.12	45.54
105.51	5.12	47.66
105.94	5.11	49.80
106.35	5.10	51.66
106.70	5.10	52.83
106.92	5.09	51.48
107.07	5.09	49.57
107.15	5.08	47.47
107.18	5.08	45.52
107.00	5.07	45.25
106.82	5.06	45.39
106.70	5.06	45.80
106.72	5.05	46.35
107.14	5.07	46.52
107.73	5.08	46.78
108.43	5.10	47.17
109.24	5.12	47.78
110.10	5.13	48.80
111.00	5.15	50.00
111.91	5.17	51.34
112.77	5.18	52.92
113.53	5.20	54.78
114.27	5.21	56.49
114.97	5.23	57.87
115.68	5.24	58.46
116.42	5.26	57.87
117.11	5.28	56.86
117.72	5.29	55.59
118.17	5.31	54.18
118.46	5.33	52.82
118.64	5.34	51.70
118.72	5.36	51.01
118.71	5.38	51.76
118.62	5.39	53.72
118.46	5.41	55.86
118.26	5.42	57.82
118.01	5.44	58.55
117.71	5.45	57.35
117.42	5.47	55.83
117.18	5.48	54.34
117.05	5.50	53.55
117.14	5.51	54.43
117.29	5.53	55.61
117.47	5.54	56.84
117.62	5.56	57.68
117.70	5.57	57.66
117.76	5.59	57.38
117.81	5.61	56.88
117.86	5.62	56.22
117.93	5.64	55.43
117.97	5.65	54.62
117.99	5.67	53.87
117.96	5.68	53.24
117.77	5.70	53.02
117.56	5.71	53.00
117.35	5.73	53.16
117.17	5.74	53.50
117.05	5.75	54.23
117.01	5.76	55.09
117.06	5.77	55.94
117.22	5.78	56.67
117.64	5.79	56.71
118.17	5.80	56.52
118.73	5.80	56.38
119.25	5.81	56.45
119.53	5.82	57.69
119.73	5.82	59.07
119.86	5.83	60.37
119.94	5.84	61.24
119.93	5.84	60.71
119.91	5.85	59.90
119.90	5.85	59.00
119.92	5.86	58.26
119.98	5.87	58.37
120.14	5.87	58.76
120.43	5.88	59.39
120.91	5.88	60.24
121.79	5.89	61.41
122.80	5.89	62.65
123.87	5.90	63.88
124.91	5.90	64.90
125.86	5.91	65.60
126.70	5.91	66.18
127.38	5.92	66.65
127.83	5.92	67.30
128.05	5.93	67.83
128.04	5.93	68.04
127.74	5.94	67.61
127.09	5.95	66.18
126.24	5.95	64.54
125.25	5.96	62.91
124.16	5.96	62.14
123.02	5.97	61.75
121.90	5.97	61.44
120.88	5.98	60.98
120.15	5.99	59.91
119.50	5.99	58.79
118.90	6.00	57.71
118.31	6.00	56.81
117.55	6.00	56.28
116.85	6.01	56.05
116.26	6.01	56.17
115.93	6.01	56.88
116.07	6.01	58.58
116.26	6.01	60.33
116.41	6.01	61.82
116.19	6.01	62.12
115.53	6.01	61.03
114.76	6.01	59.66
113.95	6.02	58.31
113.35	6.02	58.04
112.88	6.02	58.50
112.45	6.02	59.20
112.03	6.02	59.99
111.48	6.02	60.46
110.86	6.02	60.65
110.30	6.02	60.75
109.84	6.02	60.78
109.66	6.03	60.72
109.83	6.03	60.60
110.12	6.03	60.50
110.47	6.03	60.47
110.77	6.03	60.58
110.70	6.03	60.95
110.76	6.03	61.48
111.07	6.03	62.14
111.95	6.03	62.98
113.59	6.03	63.99
115.47	6.03	65.07
117.43	6.03	66.20
119.36	6.03	67.47
121.10	6.03	68.67
122.48	6.02	69.59
123.15	6.02	69.90
122.73	6.02	69.29
121.97	6.02	68.36
121.07	6.02	67.27
120.77	6.02	66.47
121.01	6.01	65.96
121.39	6.01	65.59
121.84	6.01	65.35
122.31	6.01	65.26
122.37	6.01	65.47
122.27	6.01	65.86
122.16	6.00	66.32
122.10	6.00	66.82
122.12	6.00	67.31
122.52	6.00	67.61
123.00	6.00	67.87
123.54	6.00	68.09
124.11	6.01	68.28
124.74	6.01	68.60
125.33	6.02	68.87
125.79	6.02	68.98
126.07	6.03	68.82
125.76	6.04	67.80
125.16	6.04	66.43
124.47	6.05	64.98
123.75	6.05	63.63
123.38	6.06	63.08
123.31	6.07	63.19
123.31	6.07	63.54
123.37	6.08	64.03
123.42	6.08	64.57
123.30	6.08	64.68
123.09	6.09	64.58
122.87	6.09	64.52
122.68	6.09	64.53
122.54	6.10	64.69
122.67	6.10	65.48
122.79	6.10	66.30
122.84	6.10	67.05
122.79	6.10	67.60
122.29	6.11	67.37
121.67	6.11	66.89
120.99	6.11	66.26
120.30	6.11	65.55
119.79	6.11	65.00
119.37	6.11	64.52
119.03	6.12	64.09
118.77	6.12	63.74
118.62	6.12	63.50
118.58	6.12	63.40
118.64	6.12	63.42
118.78	6.12	63.56
119.00	6.13	63.83
119.30	6.13	64.26
119.67	6.13	64.83
120.09	6.13	65.48
120.56	6.13	66.22
121.13	6.13	67.08
121.73	6.14	67.97
122.29	6.14	68.81
122.78	6.14	69.54
122.93	6.14	69.85
123.01	6.14	70.02
123.06	6.14	70.13
123.17	6.15	70.23
123.63	6.15	70.78
124.17	6.15	71.31
124.74	6.15	71.73
125.28	6.15	71.94
125.66	6.15	71.41
125.92	6.15	70.49
126.12	6.15	69.51
126.27	6.15	68.60
126.45	6.15	68.34
126.59	6.15	68.44
126.63	6.15	68.60
126.53	6.15	68.72
126.03	6.15	68.25
125.34	6.15	67.56
124.61	6.15	66.84
123.91	6.15	66.16
123.58	6.15	65.85
123.57	6.15	65.87
123.63	6.15	66.03
123.72	6.15	66.32
123.77	6.15	66.68
123.46	6.15	67.07
123.01	6.14	67.49
122.56	6.14	67.92
122.15	6.14	68.34
121.91	6.14	68.69
121.91	6.14	68.94
121.97	6.14	69.15
122.08	6.14	69.35
122.19	6.14	69.58
122.28	6.13	69.88
122.32	6.13	70.12
122.31	6.13	70.24
122.18	6.13	70.10
121.85	6.13	69.52
121.48	6.13	68.87
121.09	6.12	68.25
120.72	6.12	67.75
120.47	6.12	67.83
120.28	6.12	68.07
120.18	6.11	68.43
120.17	6.12	68.88
120.35	6.12	69.47
120.63	6.13	70.04
120.98	6.14	70.48
121.39	6.16	70.70
121.76	6.17	70.07
122.18	6.18	69.27
122.67	6.19	68.47
123.29	6.20	67.89
124.15	6.21	68.01
125.06	6.22	68.37
125.98	6.23	68.93
126.85	6.24	69.67
127.62	6.25	70.64
128.26	6.26	71.57
128.73	6.28	72.33
128.91	6.29	72.58
128.74	6.30	72.13
128.40	6.31	71.54
127.94	6.32	70.96
127.36	6.33	70.97
126.76	6.34	71.25
126.20	6.35	71.57
125.79	6.36	71.78
125.85	6.36	71.63
125.94	6.36	71.36
125.95	6.36	71.00
125.60	6.36	70.63
124.85	6.35	70.25
123.87	6.34	69.79
122.68	6.33	69.23
121.17	6.32	68.41
119.51	6.31	67.48
117.81	6.30	66.50
116.14	6.29	65.53
114.78	6.28	64.66
113.64	6.27	63.89
112.65	6.26	63.23
111.82	6.25	62.72
111.14	6.24	62.38
110.57	6.23	62.33
110.18	6.22	62.46
109.97	6.21	62.77
109.97	6.20	63.26
110.26	6.19	64.14
110.81	6.18	65.23
111.51	6.17	66.23
112.36	6.16	67.01
113.40	6.16	66.86
114.51	6.16	66.24
115.57	6.17	65.58
116.46	6.17	65.09
116.81	6.17	65.55
116.99	6.18	66.26
117.07	6.18	67.10
117.18	6.18	67.95
117.45	6.19	68.64
117.73	6.19	69.24
118.00	6.19	69.72
118.23	6.19	69.95
118.30	6.19	69.74
118.40	6.20	69.41
118.59	6.20	69.05
118.95	6.20	68.79
119.65	6.20	68.94
120.47	6.20	69.07
121.36	6.20	69.11
122.38	6.20	68.73
123.48	6.19	67.87
124.41	6.19	67.02
125.02	6.18	66.36
124.98	6.18	66.85
124.40	6.18	67.76
123.36	6.17	68.46
121.74	6.17	68.32
119.23	6.17	66.06
116.56	6.16	63.40
113.97	6.16	60.76
112.34	6.16	59.45
112.09	6.15	60.16
112.29	6.15	61.43
112.78	6.15	62.99
113.37	6.14	64.59
113.52	6.14	65.27
112.96	6.14	64.62
112.34	6.13	63.81
111.73	6.13	62.99
111.20	6.12	62.30
111.03	6.12	62.48
111.15	6.12	63.29
111.40	6.11	64.27
111.76	6.11	65.30
112.20	6.11	66.27
112.63	6.10	66.52
113.13	6.10	66.70
113.69	6.09	66.91
114.31	6.09	67.23
115.06	6.09	68.17
115.87	6.10	69.35
116.67	6.11	70.47
117.42	6.11	71.42
118.00	6.12	71.58
118.47	6.12	71.34
118.84	6.13	70.93
119.11	6.13	70.44
119.20	6.14	70.16
119.19	6.14	70.01
119.14	6.15	69.90
119.09	6.15	69.85
119.14	6.16	69.84
119.32	6.16	69.87
119.56	6.17	69.95
119.88	6.17	70.10
120.31	6.17	70.36
121.15	6.18	70.98
121.87	6.18	71.53
122.35	6.18	71.88
122.34	6.18	71.86
121.08	6.19	70.88
119.46	6.19	69.60
117.66	6.19	68.15
115.89	6.20	66.65
114.95	6.20	65.48
114.23	6.20	64.43
113.68	6.20	63.55
113.28	6.20	62.86
112.99	6.21	62.40
112.71	6.21	62.57
112.48	6.21	63.07
112.34	6.21	63.70
112.29	6.21	64.39
112.34	6.22	65.08
112.47	6.22	65.30
112.70	6.22	65.43
113.02	6.22	65.63
113.43	6.22	65.99
114.03	6.21	67.08
114.72	6.21	68.45
115.42	6.20	69.70
116.10	6.19	70.62
116.51	6.19	69.98
116.87	6.18	68.92
117.23	6.17	67.81
117.63	6.17	66.91
118.28	6.16	67.45
119.00	6.15	68.39
119.77	6.15	69.58
120.59	6.14	70.92
121.53	6.13	72.14
122.44	6.12	73.32
123.23	6.12	74.42
123.83	6.11	75.39
123.98	6.11	76.21
123.96	6.12	76.77
123.80	6.12	76.99
123.71	6.13	76.59
123.61	6.14	75.66
123.28	6.16	74.41
122.57	6.17	72.90
120.85	6.19	71.11
118.87	6.20	69.31
116.83	6.21	67.63
114.92	6.23	66.22
114.38	6.24	66.25
114.19	6.25	66.67
114.23	6.26	67.36
114.41	6.27	68.18
114.61	6.27	68.99
114.29	6.28	69.22
113.74	6.29	69.12
113.23	6.29	68.93
112.84	6.30	68.69
112.65	6.30	68.41
113.01	6.30	68.06
113.50	6.30	67.80
114.05	6.30	67.70
114.57	6.30	67.96
114.95	6.29	68.89
115.26	6.29	69.92
115.48	6.29	70.87
115.51	6.29	71.33
115.35	6.28	71.15
115.15	6.28	70.76
114.98	6.28	70.23
115.01	6.28	69.68
115.32	6.28	69.19
115.71	6.27	68.79
116.14	6.27	68.53
116.56	6.27	68.53
116.86	6.27	69.15
117.14	6.27	69.87
117.41	6.26	70.57
117.69	6.26	71.03
118.00	6.26	70.96
118.29	6.26	70.78
118.52	6.25	70.54
118.61	6.25	70.41
118.55	6.25	70.42
118.47	6.25	70.50
118.39	6.25	70.65
118.46	6.24	70.92
118.70	6.24	71.32
118.95	6.24	71.74
119.20	6.24	72.12
119.39	6.23	72.39
119.38	6.23	72.39
119.33	6.23	72.33
119.25	6.23	72.22
119.17	6.23	72.12
119.18	6.22	72.18
119.18	6.22	72.23
119.16	6.22	72.24
119.07	6.22	72.15
118.85	6.22	71.83
118.60	6.22	71.46
118.36	6.22	71.04
118.17	6.22	70.61
118.08	6.21	70.22
118.07	6.21	69.87
118.13	6.21	69.59
118.27	6.21	69.41
118.56	6.21	69.43
118.92	6.21	69.57
119.34	6.21	69.83
119.79	6.22	70.19
120.31	6.22	70.84
120.81	6.23	71.52
121.24	6.24	72.11
121.53	6.24	72.48
121.45	6.25	72.16
121.28	6.26	71.67
121.07	6.26	71.10
120.90	6.27	70.55
121.09	6.27	70.52
121.35	6.28	70.57
121.62	6.29	70.67
121.87	6.29	70.78
121.87	6.29	70.63
121.68	6.30	70.31
121.52	6.30	70.08
121.45	6.30	70.03
121.69	6.30	70.51
122.33	6.30	71.65
123.05	6.30	72.85
123.76	6.30	73.94
124.30	6.29	74.41
124.66	6.29	74.38
124.86	6.28	74.12
124.89	6.28	73.72
124.45	6.27	73.31
123.86	6.26	72.88
123.22	6.26	72.48
122.64	6.25	72.15
122.61	6.25	72.24
122.76	6.24	72.46
122.97	6.24	72.71
123.18	6.23	72.95
123.24	6.22	72.99
123.10	6.22	72.77
122.88	6.21	72.52
122.59	6.21	72.27
122.23	6.20	72.16
121.83	6.20	72.22
121.36	6.20	72.28
120.84	6.20	72.29
120.20	6.19	72.03
119.47	6.19	71.54
118.78	6.19	71.03
118.17	6.19	70.54
117.80	6.19	70.28
117.79	6.18	70.40
117.91	6.18	70.57
118.11	6.18	70.72
118.34	6.18	70.81
118.43	6.18	70.27
118.53	6.17	69.72
118.64	6.17	69.30
118.77	6.17	69.18
118.95	6.17	70.07
119.16	6.17	71.15
119.39	6.17	72.22
119.65	6.16	72.92
119.93	6.16	72.87
120.22	6.16	72.62
120.51	6.16	72.27
120.78	6.16	71.97
121.02	6.16	71.87
121.25	6.16	71.83
121.51	6.16	71.87
121.80	6.16	72.03
122.16	6.15	72.36
122.54	6.15	72.74
122.93	6.15	73.16
123.35	6.15	73.57
123.80	6.16	73.94
124.20	6.16	74.26
124.49	6.17	74.48
124.57	6.17	74.52
124.41	6.18	74.36
124.13	6.18	74.10
123.75	6.19	73.77
123.30	6.19	73.40
122.82	6.20	73.00
122.34	6.20	72.65
121.90	6.20	72.36
121.62	6.21	72.29
121.65	6.21	72.59
121.71	6.21	72.96
121.75	6.22	73.32
121.72	6.22	73.61
121.33	6.22	73.58
120.80	6.22	73.39
120.23	6.22	73.07
119.67	6.22	72.62
119.25	6.21	71.87
118.91	6.21	71.04
118.66	6.21	70.24
118.50	6.21	69.56
118.53	6.20	69.34
118.70	6.20	69.43
118.94	6.20	69.69
119.25	6.20	70.07
119.55	6.20	70.50
119.79	6.19	70.88
120.08	6.19	71.33
120.44	6.19	71.86
120.93	6.19	72.52
121.70	6.20	73.52
122.48	6.21	74.44
123.19	6.22	75.18
123.64	6.23	75.34
123.73	6.24	74.76
123.72	6.25	74.01
123.67	6.25	73.28
123.76	6.26	73.11
123.99	6.27	73.47
124.26	6.28	74.01
124.55	6.29	74.64
124.86	6.30	75.26
125.17	6.30	75.74
125.47	6.31	76.12
125.71	6.32	76.38
125.88	6.32	76.47
125.96	6.32	76.11
125.92	6.32	75.54
125.76	6.32	74.93
125.45	6.32	74.35
124.83	6.32	74.19
124.07	6.32	74.15
123.24	6.31	74.14
122.41	6.31	74.10
121.76	6.31	73.88
121.19	6.31	73.55
120.68	6.31	73.10
120.23	6.30	72.53
119.96	6.30	71.59
119.85	6.30	70.30
119.72	6.30	69.08
119.50	6.30	68.08
119.08	6.30	67.51
117.96	6.29	68.30
116.80	6.29	69.32
115.73	6.29	70.37
114.96	6.29	71.11
115.06	6.29	70.63
115.40	6.29	69.95
115.90	6.29	69.23
116.43	6.30	68.67
116.63	6.30	69.10
116.80	6.30	69.73
116.95	6.30	70.45
117.09	6.30	71.15
117.04	6.30	71.45
117.10	6.30	71.67
117.36	6.30	71.83
118.08	6.30	71.97
119.43	6.30	72.10
120.87	6.30	72.20
122.26	6.30	72.26
123.18	6.30	72.12
123.82	6.30	72.01
124.18	6.30	71.98
124.06	6.30	72.35
123.57	6.31	73.00
122.97	6.31	73.69
122.41	6.31	74.27
122.37	6.31	74.35
122.42	6.31	74.28
122.51	6.31	74.11
122.58	6.31	73.90
122.36	6.31	73.72
122.09	6.31	73.58
121.82	6.31	73.51
121.57	6.31	73.54
121.63	6.31	74.12
121.67	6.31	74.69
121.60	6.31	75.08
121.27	6.31	74.99
120.36	6.30	73.88
119.32	6.30	72.50
118.27	6.30	71.04
117.41	6.30	69.84
117.02	6.29	69.36
116.79	6.29	69.07
116.71	6.29	68.91
116.73	6.28	68.80
116.72	6.28	68.28
116.74	6.28	67.57
116.89	6.27	67.10
117.22	6.27	67.01
117.80	6.27	67.72
118.75	6.27	69.77
119.86	6.27	72.07
121.09	6.27	74.36
122.40	6.27	76.06
123.75	6.28	76.93
125.06	6.28	77.50
126.30	6.28	77.84
127.23	6.28	78.26
127.93	6.29	78.65
128.54	6.29	78.82
129.09	6.29	78.72
129.83	6.29	77.79
130.64	6.30	76.39
131.31	6.30	74.96
131.76	6.30	73.72
131.81	6.30	73.51
131.42	6.31	74.28
130.70	6.31	75.16
129.63	6.31	75.93
127.98	6.31	75.76
125.75	6.32	74.42
123.41	6.32	72.82
121.14	6.32	71.18
119.17	6.33	69.75
118.89	6.33	70.03
119.03	6.33	70.66
119.45	6.33	71.50
120.02	6.33	72.43
120.61	6.34	73.31
120.82	6.34	73.75
120.49	6.34	73.58
120.09	6.34	73.27
119.67	6.34	72.85
119.28	6.35	72.36
118.99	6.35	71.92
118.77	6.35	71.43
118.66	6.35	70.89
118.70	6.36	70.26
119.10	6.36	69.36
119.55	6.36	68.51
119.99	6.36	67.81
120.34	6.37	67.36
119.99	6.37	67.63
119.63	6.37	68.18
119.40	6.37	68.93
119.50	6.37	69.79
120.56	6.37	70.47
121.82	6.37	71.35
123.10	6.36	72.49
123.99	6.32	74.39
124.52	6.28	76.84
124.99	6.22	79.18
125.58	6.17	81.00
126.62	6.12	81.76
127.58	6.07	81.78
128.29	6.02	81.03
128.06	5.97	78.44
127.36	5.92	75.17
126.55	5.87	72.09
125.94	5.82	70.26
126.21	5.77	71.89
126.59	5.72	74.37
126.95	5.67	77.16
127.06	5.62	79.46
126.44	5.57	79.80
125.65	5.52	79.67
124.76	5.47	79.23
123.94	5.42	78.67
123.33	5.37	78.22
122.75	5.32	77.72
122.20	5.27	77.23
121.62	5.22	76.81
120.99	5.17	76.52
120.38	5.12	76.29
119.82	5.07	76.11
119.36	5.02	76.01
119.06	4.97	76.01
118.80	4.92	76.01
118.56	4.87	75.96
118.31	4.83	75.79
117.97	4.79	75.44
117.61	4.75	74.97
117.23	4.72	74.38
116.79	4.71	73.57
116.31	4.71	72.57
115.83	4.72	71.55
115.35	4.73	70.60
114.92	4.73	69.91
114.56	4.74	69.55
114.23	4.74	69.32
113.94	4.75	69.19
113.62	4.75	69.11
113.26	4.76	69.06
113.05	4.76	69.01
113.08	4.77	68.92
113.66	4.78	68.59
114.69	4.79	68.12
115.86	4.80	67.75
117.05	4.82	67.60
118.04	4.83	68.33
118.88	4.84	69.22
119.51	4.86	70.06
119.69	4.87	70.44
119.40	4.88	70.25
119.00	4.90	69.87
118.61	4.91	69.40
118.80	4.93	69.14
119.20	4.94	68.94
119.64	4.95	68.71
120.04	4.96	68.45
120.07	4.97	68.02
119.90	4.98	67.52
119.66	4.98	66.99
119.39	4.99	66.48
119.33	4.99	66.12
119.29	4.99	65.81
119.16	4.99	65.46
118.86	4.99	65.04
117.99	4.99	64.33
116.93	4.99	63.52
115.78	4.99	62.66
114.63	4.99	61.78
113.78	4.99	60.97
113.12	4.99	60.21
112.54	4.99	59.50
112.04	4.99	58.84
111.60	4.99	58.26
111.18	4.99	57.79
110.82	4.99	57.38
110.52	4.99	57.02
110.29	4.99	56.71
110.12	4.99	56.31
110.02	4.99	55.96
110.01	4.99	55.73
110.08	4.99	55.67
110.31	4.99	56.08
110.63	4.99	56.69
111.01	4.98	57.35
111.41	4.98	57.97
111.80	4.98	58.29
112.19	4.98	58.52
112.57	4.98	58.69
112.89	4.97	58.84
113.13	4.97	59.01
113.36	4.97	59.11
113.62	4.97	59.09
113.94	4.97	58.85
114.37	4.96	58.35
114.85	4.96	57.79
115.37	4.96	57.24
115.92	4.96	56.84
116.51	4.97	56.60
117.12	4.98	56.43
117.76	4.99	56.32
118.46	5.00	56.16
119.16	5.01	56.09
119.82	5.03	56.16
120.36	5.04	56.59
120.75	5.05	57.43
121.09	5.06	58.27
121.39	5.08	58.96
121.80	5.09	58.96
122.25	5.10	58.41
122.62	5.11	57.60
122.85	5.12	56.61
122.70	5.14	55.62
122.19	5.14	54.66
121.58	5.15	53.67
120.94	5.16	52.66
120.48	5.17	51.52
120.26	5.17	50.28
120.08	5.18	49.22
119.90	5.19	48.46
119.58	5.19	48.49
119.07	5.20	49.54
118.54	5.20	50.86
118.05	5.21	52.27
117.64	5.22	53.57
117.69	5.22	53.67
117.83	5.23	53.56
117.99	5.23	53.34
118.13	5.24	53.08
118.01	5.24	53.15
117.57	5.24	53.67
117.16	5.25	54.11
116.88	5.25	54.35
116.95	5.25	53.95
117.52	5.25	52.64
118.24	5.24	51.36
119.03	5.24	50.37
119.75	5.23	50.84
120.38	5.22	52.25
120.92	5.21	53.73
121.34	5.20	54.90
121.42	5.19	53.76
121.40	5.18	52.24
121.35	5.17	50.73
121.36	5.16	49.81
121.71	5.15	51.18
122.10	5.14	52.96
122.50	5.13	54.83
122.86	5.12	56.44
122.96	5.11	56.20
123.00	5.10	55.60
123.01	5.09	54.84
123.03	5.09	54.20
123.21	5.09	54.61
123.34	5.09	54.96
123.37	5.09	55.04
123.14	5.09	54.12
122.52	5.10	51.59
121.78	5.10	48.91
120.99	5.10	46.49
120.29	5.10	45.50
119.82	5.10	46.82
119.37	5.11	48.71
118.92	5.11	50.83
118.44	5.11	52.81
117.76	5.11	53.16
117.05	5.11	53.05
116.32	5.11	52.51
115.62	5.12	51.59
114.98	5.11	50.03
114.40	5.11	48.11
113.89	5.11	46.19
113.45	5.11	44.46
113.12	5.10	43.47
112.89	5.10	43.13
112.72	5.09	43.22
112.59	5.08	43.75
112.35	5.08	44.78
112.06	5.07	46.24
111.92	5.07	47.99
112.00	5.06	49.97
112.47	5.05	52.26
113.34	5.05	54.68
114.52	5.04	56.90
116.03	5.04	58.73
118.30	5.03	59.21
120.74	5.03	59.16
122.93	5.02	59.03
124.19	5.02	59.40
124.30	5.02	60.47
124.08	5.02	61.74
123.80	5.02	63.13
124.16	5.02	64.76
124.50	5.02	66.06
124.71	5.03	66.71
124.34	5.03	65.49
123.77	5.03	63.47
123.17	5.03	61.10
122.97	5.03	59.27
123.08	5.03	57.93
123.21	5.03	56.66
123.26	5.03	55.37
122.90	5.03	53.54
122.26	5.04	51.52
121.45	5.04	49.68
120.50	5.05	48.21
119.39	5.06	47.89
118.19	5.06	48.19
116.98	5.07	48.86
115.78	5.08	49.77
114.77	5.08	50.81
113.89	5.09	51.85
113.09	5.09	52.75
112.37	5.10	53.37
111.70	5.10	53.39
110.99	5.11	51.83
110.39	5.11	50.05
109.91	5.12	48.32
109.59	5.12	46.90
109.57	5.12	46.66
109.78	5.12	47.31
110.12	5.12	48.40
110.55	5.12	49.83
111.06	5.12	51.66
111.59	5.12	53.62
112.06	5.11	55.50
112.40	5.11	57.05
112.38	5.11	57.82
112.29	5.11	58.23
112.18	5.11	58.34
112.23	5.10	58.08
112.46	5.10	57.53
112.73	5.10	56.98
113.04	5.10	56.59
112.96	5.10	57.02
112.93	5.09	57.81
113.29	5.09	58.68
114.60	5.09	59.42
117.89	5.09	59.76
121.18	5.09	59.87
123.86	5.09	59.75
123.69	5.09	59.08
121.83	5.09	58.15
119.46	5.09	57.27
117.40	5.09	56.78
116.70	5.09	57.12
116.30	5.09	57.66
116.09	5.10	58.25
115.83	5.10	58.50
115.53	5.10	58.46
115.27	5.10	58.33
115.04	5.10	58.17
114.85	5.10	58.06
114.69	5.10	57.99
114.57	5.10	57.96
114.50	5.10	57.98
114.56	5.11	58.26
114.65	5.12	58.56
114.71	5.13	58.77
114.70	5.14	58.77
114.51	5.15	58.23
114.24	5.15	57.56
113.89	5.16	56.82
113.45	5.17	56.20
112.91	5.18	55.78
112.35	5.19	55.45
111.82	5.20	55.19
111.38	5.21	55.00
111.12	5.21	54.89
110.92	5.22	54.83
110.79	5.23	54.80
110.67	5.24	54.75
110.48	5.25	54.53
110.41	5.25	54.43
110.52	5.26	54.53
110.94	5.27	55.02
111.77	5.27	56.02
112.80	5.27	57.25
114.01	5.27	58.66
115.23	5.27	60.30
116.57	5.26	61.95
118.12	5.25	63.42
120.08	5.24	64.44
122.62	5.23	64.76
125.22	5.23	64.65
127.68	5.22	64.15
129.71	5.21	62.98
131.21	5.20	61.43
132.14	5.19	59.83
132.40	5.18	58.40
130.98	5.18	58.03
128.63	5.17	58.27
125.95	5.16	58.75
123.27	5.15	59.36
121.22	5.15	59.87
120.14	5.14	60.17
119.55	5.14	60.31
119.46	5.14	60.23
120.32	5.15	59.61
122.22	5.15	58.34
124.15	5.16	57.00
125.74	5.16	55.77
126.05	5.17	55.09
123.80	5.18	55.52
120.98	5.18	56.25
117.97	5.19	57.13
115.14	5.19	58.01
114.08	5.20	58.43
113.64	5.20	58.68
113.62	5.21	58.79
113.94	5.21	58.74
114.50	5.21	58.22
115.24	5.21	57.54
116.14	5.21	57.04
117.15	5.20	56.91
118.19	5.20	58.17
119.25	5.19	59.78
120.27	5.18	61.42
121.16	5.17	62.59
121.88	5.16	62.93
122.51	5.16	62.98
123.08	5.15	62.83
123.63	5.14	62.61
124.15	5.13	62.34
124.63	5.12	62.07
125.08	5.12	61.85
125.48	5.11	61.72
125.83	5.10	61.74
126.15	5.09	61.97