126.63	4.75	60.79
124.02	4.80	58.59
121.81	4.85	56.76
119.98	4.90	55.26
118.47	4.94	54.03
117.26	4.98	53.04
116.30	5.01	52.25
115.55	5.05	51.62
114.99	5.08	51.10
114.57	5.12	50.65
114.15	5.15	49.74
113.80	5.19	48.83
113.53	5.22	48.18
113.35	5.25	47.91
113.23	5.28	48.20
113.05	5.29	49.93
113.00	5.30	51.97
113.13	5.30	54.13
113.52	5.31	56.20
114.43	5.31	57.81
115.50	5.31	59.06
116.66	5.30	59.83
117.80	5.30	59.64
118.86	5.30	58.52
119.75	5.30	57.15
120.40	5.30	55.78
120.44	5.29	55.34
120.20	5.29	55.15
119.75	5.29	55.09
119.20	5.29	55.04
118.64	5.29	54.81
118.06	5.29	54.57
117.49	5.28	54.31
116.96	5.28	54.03
116.70	5.27	53.66
116.52	5.27	53.31
116.38	5.26	53.01
116.27	5.27	52.78
116.09	5.28	52.72
115.80	5.29	52.93
115.52	5.32	53.21
115.30	5.38	53.53
115.16	5.46	53.87
115.22	5.61	54.27
115.39	5.79	54.59
115.62	5.99	54.74
115.90	6.20	54.67
116.35	6.40	53.75
116.76	6.60	52.68
117.04	6.80	51.65
117.07	7.01	50.91
116.40	7.25	51.14
115.56	7.49	51.65
114.65	7.72	52.33
113.79	7.92	53.09
113.50	8.07	53.54
113.34	8.19	53.95
113.29	8.27	54.31
113.30	8.32	54.61
113.30	8.33	54.79
113.16	8.29	54.76
113.05	8.22	54.71
113.01	8.12	54.72
113.05	8.00	54.81
113.23	7.86	55.18
113.54	7.71	55.75
113.96	7.54	56.46
114.51	7.37	57.29
115.40	7.20	58.44
116.48	7.04	59.75
117.44	6.88	60.90
118.15	6.72	61.75
117.91	6.55	61.54
117.25	6.38	60.84
116.43	6.22	59.95
115.60	6.07	59.03
115.53	5.94	58.91
115.62	5.83	58.97
115.81	5.72	59.11
116.03	5.64	59.27
116.18	5.58	59.31
116.02	5.54	58.93
115.83	5.52	58.52
115.64	5.51	58.16
115.49	5.50	57.89
115.51	5.49	58.00
115.67	5.47	58.40
115.85	5.46	58.86
116.02	5.44	59.32
116.09	5.42	59.63
116.06	5.40	59.75
115.97	5.38	59.79
115.85	5.37	59.78
115.68	5.35	59.71
115.48	5.33	59.61
115.27	5.31	59.49
115.06	5.29	59.38
114.87	5.28	59.32
114.78	5.26	59.42
114.70	5.24	59.55
114.61	5.22	59.69
114.49	5.20	59.80
114.21	5.18	59.85
113.85	5.17	59.83
113.52	5.15	59.77
113.24	5.13	59.68
113.22	5.12	59.48
113.39	5.11	59.23
113.58	5.11	59.03
113.74	5.11	58.92
113.66	5.10	59.15
113.44	5.10	59.56
113.18	5.10	60.03
112.90	5.10	60.49
112.72	5.09	60.74
112.58	5.09	60.88
112.45	5.09	60.94
112.31	5.09	60.96
112.10	5.08	60.90
111.83	5.08	60.80
111.57	5.08	60.69
111.35	5.07	60.61
111.25	5.07	60.60
111.29	5.07	60.71
111.35	5.07	60.85
111.41	5.07	60.99
111.37	5.07	61.13
111.22	5.07	61.23
111.05	5.07	61.30
110.89	5.07	61.31
110.79	5.07	61.12
110.76	5.07	60.78
110.77	5.07	60.45
110.80	5.07	60.20
110.82	5.07	60.17
110.81	5.07	60.53
110.84	5.07	61.01
110.95	5.07	61.55
111.19	5.08	62.08
111.62	5.08	62.53
112.12	5.08	62.94
112.67	5.09	63.25
113.19	5.09	63.39
113.67	5.10	63.35
114.12	5.10	63.24
114.55	5.11	63.11
114.93	5.11	63.10
115.26	5.11	63.17
115.53	5.12	63.24
115.76	5.12	63.26
115.93	5.12	63.28
116.03	5.13	63.34
116.08	5.13	63.15
116.09	5.13	62.92
116.07	5.14	62.70
116.02	5.14	62.47
115.95	5.14	62.25
115.86	5.14	62.02
115.75	5.14	61.80
115.63	5.14	61.57
115.49	5.14	61.35
115.34	5.14	61.12
115.18	5.14	60.90
114.99	5.14	60.68
114.83	5.14	60.45
114.69	5.14	60.23
114.61	5.14	60.00
114.60	5.14	59.78
114.67	5.14	59.55
114.84	5.14	59.33
115.12	5.14	59.10
115.55	5.14	58.88
116.12	5.14	58.65
116.81	5.15	60.18
117.62	5.15	61.71
118.72	5.15	62.70
119.93	5.16	63.28
121.07	5.16	63.69
122.00	5.17	63.99
122.25	5.17	64.37
122.18	5.17	64.66
121.93	5.18	64.81
121.58	5.18	64.75
121.34	5.19	64.16
121.07	5.19	63.42
120.79	5.20	62.63
120.52	5.20	61.86
120.31	5.20	61.50
120.13	5.21	61.37
119.95	5.21	61.32
119.78	5.22	61.31
119.56	5.22	61.24
119.23	5.22	60.97
118.92	5.22	60.71
118.67	5.23	60.51
118.52	5.23	60.40
118.68	5.23	60.66
118.94	5.23	61.03
119.22	5.22	61.39
119.48	5.22	61.69
119.56	5.22	61.62
119.55	5.21	61.46
119.44	5.21	61.23
119.18	5.21	60.96
118.66	5.20	60.70
118.09	5.20	60.46
117.55	5.20	60.24
117.11	5.19	60.09
117.17	5.19	60.15
117.34	5.19	60.25
117.56	5.18	60.39
117.78	5.18	60.53
117.73	5.17	60.53
117.52	5.17	60.46
117.33	5.17	60.43
117.24	5.16	60.51
117.42	5.16	60.84
117.86	5.16	61.41
118.44	5.16	62.06
119.13	5.15	62.72
120.04	5.15	63.37
121.01	5.15	63.93
121.90	5.15	64.36
122.62	5.15	64.60
122.61	5.15	64.26
122.33	5.15	63.69
121.94	5.15	63.01
121.53	5.15	62.32
121.55	5.15	61.98
121.85	5.15	61.87
122.20	5.15	61.82
122.54	5.15	61.78
122.81	5.15	61.73
122.70	5.15	61.57
122.46	5.15	61.33
122.18	5.15	61.00
121.88	5.15	60.55
121.66	5.15	59.68
121.51	5.15	58.58
121.40	5.14	57.58
121.32	5.14	56.80
121.32	5.13	56.85
121.39	5.13	57.71
121.45	5.12	58.77
121.46	5.12	59.83
121.36	5.11	60.55
121.01	5.11	60.44
120.62	5.11	60.16
120.23	5.10	59.78
119.93	5.10	59.45
119.85	5.09	59.37
119.80	5.09	59.34
119.74	5.08	59.35
119.62	5.08	59.38
119.24	5.07	59.41
118.83	5.07	59.47
118.41	5.07	59.55
118.05	5.06	59.67
117.91	5.06	59.84
117.86	5.05	60.05
117.87	5.05	60.27
117.91	5.04	60.51
117.87	5.04	60.72
117.80	5.04	60.92
117.79	5.03	61.14
117.89	5.03	61.39
118.27	5.02	61.78
118.86	5.02	62.25
119.47	5.02	62.67
120.03	5.02	63.00
120.32	5.02	63.04
120.43	5.02	62.91
120.41	5.02	62.67
120.26	5.02	62.33
119.90	5.02	61.92
119.46	5.02	61.47
118.96	5.02	61.00
118.45	5.02	60.53
118.08	5.02	60.17
117.75	5.02	59.85
117.45	5.02	59.55
117.17	5.02	59.26
116.92	5.02	58.96
116.68	5.03	58.65
116.44	5.04	58.36
116.17	5.04	58.09
115.83	5.05	57.83
115.41	5.06	57.60
114.98	5.06	57.39
114.54	5.07	57.20
114.12	5.08	57.08
113.72	5.08	57.01
113.35	5.09	56.93
113.00	5.10	56.82
112.67	5.10	56.61
112.36	5.11	56.23
112.10	5.12	55.85
111.89	5.12	55.50
111.75	5.13	55.24
111.74	5.13	55.25
111.80	5.14	55.38
111.91	5.15	55.61
112.06	5.15	55.92
112.21	5.16	56.30
112.37	5.16	56.74
112.57	5.17	57.21
112.81	5.18	57.69
113.14	5.18	58.20
113.52	5.18	58.69
113.94	5.18	59.11
114.36	5.18	59.42
114.93	5.18	59.46
115.45	5.17	59.33
115.81	5.17	59.09
115.90	5.17	58.76
115.14	5.17	58.37
114.10	5.17	57.94
112.91	5.17	57.49
111.67	5.16	57.04
110.85	5.16	56.68
110.18	5.16	56.35
109.60	5.16	56.07
109.12	5.16	55.82
108.71	5.16	55.61
108.38	5.15	55.40
108.12	5.15	55.24
107.92	5.15	55.14
107.78	5.15	55.11
107.68	5.15	55.15
107.51	5.15	55.25
107.37	5.14	55.46
107.34	5.14	55.79
107.46	5.14	56.28
107.88	5.14	57.14
108.76	5.14	58.58
109.66	5.14	59.91
110.47	5.14	60.89
110.90	5.13	60.87
110.80	5.13	59.52
110.50	5.13	57.87
110.04	5.13	56.21
109.54	5.13	55.45
109.05	5.13	55.73
108.54	5.13	56.32
108.02	5.13	57.08
107.52	5.13	57.87
107.11	5.12	58.00
106.75	5.12	57.94
106.44	5.12	57.81
106.18	5.12	57.64
105.96	5.12	57.48
105.76	5.12	57.48
105.62	5.12	57.54
105.55	5.12	57.66
105.56	5.12	57.82
105.68	5.11	58.05
106.02	5.11	58.35
106.43	5.11	58.71
106.90	5.11	59.11
107.39	5.10	59.56
107.96	5.09	60.20
108.48	5.08	60.82
108.90	5.07	61.34
109.14	5.05	61.68
108.76	5.04	61.29
108.24	5.03	60.75
107.67	5.02	60.17
107.15	5.00	59.68
107.15	4.99	59.97
107.32	4.98	60.47
107.60	4.97	61.06
107.95	4.96	61.66
108.33	4.94	62.08
108.71	4.93	62.09
109.04	4.92	62.00
109.30	4.91	61.85
109.45	4.89	61.68
109.19	4.88	61.50
108.85	4.87	61.37
108.56	4.86	61.31
108.47	4.85	61.43
108.84	4.86	61.90
109.29	4.87	62.38
109.70	4.88	62.78
109.77	4.89	62.76
109.64	4.90	62.47
109.45	4.91	62.06
109.26	4.92	61.61
109.27	4.93	61.28
109.32	4.94	60.97
109.40	4.95	60.67
109.51	4.95	60.38
109.51	4.96	60.08
109.57	4.97	59.81
109.72	4.98	59.59
110.02	4.98	59.45
110.74	4.99	59.44
111.57	4.99	59.51
112.46	5.00	59.65
113.32	5.00	59.83
113.98	5.00	60.12
114.56	5.01	60.40
115.06	5.01	60.63
115.46	5.02	60.72
115.71	5.02	60.50
115.88	5.03	60.21
115.99	5.03	59.90
116.07	5.04	59.63
116.16	5.04	59.67
116.24	5.04	59.76
116.30	5.05	59.86
116.34	5.05	59.95
116.31	5.06	59.83
116.27	5.06	59.65
116.27	5.06	59.47
116.33	5.07	59.35
116.60	5.07	59.42
117.00	5.07	59.62
117.44	5.07	59.88
117.90	5.07	60.17
118.33	5.06	60.55
118.70	5.06	60.91
118.99	5.06	61.16
119.15	5.05	61.24
118.96	5.05	60.76
118.62	5.05	60.05
118.21	5.05	59.24
117.77	5.04	58.41
117.50	5.04	57.82
117.35	5.04	57.42
117.22	5.04	57.09
117.08	5.03	56.81
116.90	5.03	56.57
116.47	5.03	56.24
116.04	5.03	55.97
115.64	5.02	55.75
115.31	5.02	55.63
115.24	5.03	55.65
115.33	5.03	55.80
115.51	5.04	56.05
115.76	5.04	56.39
116.06	5.05	56.96
116.38	5.05	57.62
116.70	5.06	58.24
116.98	5.06	58.77
117.09	5.07	58.88
117.13	5.07	58.78
117.13	5.08	58.57
117.11	5.08	58.30
117.15	5.09	58.11
117.22	5.09	57.97
117.29	5.10	57.84
117.35	5.10	57.73
117.36	5.11	57.66
117.27	5.11	57.62
117.20	5.11	57.62
117.15	5.12	57.66
117.16	5.12	57.75
117.43	5.12	58.11
117.79	5.12	58.49
118.12	5.12	58.76
118.37	5.12	58.84
118.31	5.11	58.29
118.04	5.11	57.32
117.71	5.11	56.26
117.37	5.10	55.23
117.20	5.10	54.61
117.16	5.10	54.32
117.17	5.09	54.23
117.22	5.09	54.34
117.30	5.08	54.72
117.41	5.08	55.47
117.52	5.08	56.30
117.61	5.07	57.12
117.66	5.07	57.85
117.61	5.07	58.03
117.48	5.06	57.94
117.32	5.06	57.77
117.13	5.05	57.57
116.92	5.05	57.49
116.70	5.05	57.63
116.49	5.05	57.80
116.28	5.04	57.97
116.15	5.04	58.13
116.13	5.04	58.28
116.11	5.04	58.33
116.03	5.04	58.26
115.86	5.04	58.00
115.32	5.04	57.09
114.65	5.03	55.98
113.92	5.03	54.86
113.19	5.03	53.85
112.55	5.03	53.27
112.12	5.03	53.48
111.76	5.03	53.88
111.45	5.03	54.41
111.19	5.03	54.97
110.94	5.02	55.26
110.72	5.02	55.34
110.55	5.02	55.43
110.42	5.02	55.54
110.40	5.02	55.86
110.47	5.02	56.40
110.56	5.02	56.93
110.63	5.02	57.40
110.60	5.02	57.60
110.40	5.02	57.38
110.15	5.02	57.04
109.89	5.02	56.65
109.65	5.02	56.26
109.66	5.02	56.14
109.71	5.02	56.11
109.74	5.01	56.15
109.70	5.01	56.25
109.54	5.02	56.41
109.14	5.02	56.61
108.60	5.02	56.85
107.92	5.03	57.12
107.11	5.04	57.44
105.89	5.04	57.87
104.47	5.05	58.33
103.18	5.06	58.74
102.17	5.07	59.05
102.01	5.07	58.89
102.73	5.08	58.32
103.76	5.09	57.78
104.95	5.09	57.41
106.10	5.10	57.49
106.77	5.11	58.85
107.36	5.12	60.44
107.87	5.12	62.06
108.30	5.13	63.52
108.49	5.13	64.10
108.68	5.14	64.34
108.99	5.14	64.33
109.54	5.14	64.12
111.05	5.14	63.75
112.59	5.13	63.27
113.94	5.12	62.73
114.65	5.10	62.26
114.21	5.09	61.98
113.37	5.08	61.64
112.28	5.06	61.19
111.22	5.04	60.25
110.30	5.03	58.84
109.41	5.01	57.35
108.58	5.00	55.90
107.86	4.98	54.62
107.46	4.97	54.34
107.25	4.95	54.54
107.14	4.94	54.95
107.10	4.92	55.48
107.12	4.91	56.05
107.02	4.89	56.38
106.80	4.88	56.41
106.68	4.86	56.38
106.71	4.85	56.33
106.94	4.83	56.63
107.69	4.83	56.93
108.67	4.82	57.22
109.74	4.82	57.52
110.84	4.82	57.82
111.80	4.82	58.12
112.70	4.82	58.41
113.53	4.83	58.71
114.25	4.83	59.01
114.83	4.83	59.30
115.31	4.83	59.60
115.67	4.83	59.90
115.86	4.83	60.19
115.92	4.83	60.49
115.94	4.84	60.79
115.96	4.84	61.09
116.17	4.85	61.59
116.47	4.85	61.60
116.75	4.86	61.30
116.99	4.87	60.81
117.04	4.87	60.71
117.00	4.88	60.56
116.88	4.88	60.32
116.71	4.89	59.94
116.51	4.90	59.12
116.25	4.90	58.16
115.94	4.91	57.17
115.56	4.91	56.22
115.03	4.92	55.58
114.41	4.93	55.17
113.79	4.93	54.87
113.18	4.94	54.64
112.69	4.94	54.44
112.38	4.95	54.22
112.13	4.96	54.03
111.89	4.96	53.86
111.64	4.97	53.71
111.28	4.97	53.58
110.92	4.98	53.46
110.55	4.99	53.36
110.19	4.99	53.26
109.86	5.00	53.08
109.56	5.00	52.92
109.30	5.01	52.83
109.09	5.01	52.82
108.99	5.02	53.05
108.98	5.02	53.47
109.03	5.02	53.97
109.11	5.02	54.49
109.20	5.02	55.02
109.30	5.01	55.50
109.42	5.01	55.90
109.56	5.01	56.17
109.74	5.00	56.01
109.93	5.00	55.63
110.14	5.00	55.22
110.35	4.99	54.88
110.55	4.99	54.98
110.75	4.99	55.45
110.94	4.99	56.01
111.11	4.98	56.57
111.25	4.98	56.98
111.32	4.97	57.05
111.39	4.97	57.02
111.50	4.97	56.90
111.67	4.97	56.72
112.07	4.97	56.35
112.51	4.98	56.01
112.95	4.99	55.77
113.35	5.00	55.69
113.60	5.01	56.25
113.77	5.02	57.00
113.87	5.03	57.78
113.88	5.04	58.50
113.71	5.05	58.65
113.48	5.06	58.61
113.22	5.07	58.45
112.99	5.08	58.23
112.90	5.09	58.04
113.00	5.10	57.93
113.14	5.11	57.84
113.31	5.12	57.80
113.48	5.13	57.81
113.58	5.14	58.00
113.61	5.15	58.32
113.64	5.15	58.66
113.67	5.16	58.98
113.72	5.17	59.26
113.74	5.17	59.24
113.81	5.18	59.19
113.97	5.18	59.14
114.25	5.18	59.13
114.90	5.18	59.38
115.71	5.18	59.74
116.51	5.18	60.11
117.23	5.17	60.44
117.54	5.17	60.60
117.60	5.17	60.63
117.54	5.17	60.59
117.38	5.17	60.48
117.17	5.16	60.31
116.95	5.16	60.09
116.75	5.16	59.83
116.62	5.16	59.57
116.61	5.15	59.30
116.99	5.15	59.01
117.48	5.15	58.77
118.05	5.15	58.60
118.65	5.15	58.53
119.16	5.14	58.71
119.62	5.14	59.08
120.10	5.14	59.52
120.62	5.14	60.00
121.33	5.14	60.49
122.17	5.13	60.95
122.95	5.13	61.31
123.58	5.13	61.53
123.76	5.13	61.42
123.63	5.14	61.07
123.34	5.14	60.58
122.95	5.14	60.00
122.56	5.14	59.35
122.17	5.14	58.68
121.76	5.14	58.03
121.35	5.14	57.45
120.99	5.14	57.11
120.73	5.14	57.13
120.48	5.14	57.20
120.24	5.14	57.28
120.01	5.14	57.30
119.69	5.15	56.86
119.33	5.15	56.18
119.02	5.15	55.51
118.79	5.15	54.93
118.74	5.15	54.64
118.96	5.15	54.85
119.25	5.15	55.21
119.56	5.15	55.68
119.82	5.14	56.16
119.93	5.14	56.60
120.00	5.14	57.01
120.03	5.14	57.36
119.98	5.14	57.58
119.85	5.14	57.63
119.74	5.13	57.63
119.71	5.13	57.59
119.94	5.13	57.56
120.47	5.13	57.56
121.03	5.13	57.59
121.55	5.12	57.66
121.82	5.13	57.80
121.70	5.13	58.06
121.54	5.13	58.35
121.45	5.14	58.66
121.63	5.15	58.94
122.16	5.16	59.18
122.81	5.18	59.41
123.53	5.19	59.35
124.26	5.21	59.29
124.98	5.22	59.23
125.68	5.24	59.16
126.34	5.25	59.10
127.03	5.27	59.04
127.61	5.28	58.98
128.03	5.29	58.91
128.15	5.31	58.85
127.86	5.32	58.79
127.37	5.34	58.73
126.73	5.35	58.66
126.02	5.37	58.60
125.25	5.39	58.54
124.43	5.40	58.48
123.61	5.41	58.42
122.86	5.42	58.35
122.08	5.42	58.29
121.27	5.41	58.23
120.35	5.40	58.17
119.32	5.39	58.10
118.25	5.37	58.04
117.15	5.34	57.98
116.03	5.32	57.92
114.91	5.30	57.85
113.81	5.28	57.79
112.77	5.26	57.73
111.80	5.24	57.67
110.94	5.22	57.60
110.18	5.20	57.54
109.54	5.18	57.48
109.03	5.16	57.42
108.74	5.14	57.36
108.59	5.12	57.29
108.56	5.10	57.23
108.63	5.09	57.17
108.86	5.08	57.11
109.13	5.08	57.04
109.38	5.08	56.98
109.56	5.08	56.92
109.45	5.08	56.86
109.27	5.08	57.48
109.05	5.08	57.85
108.85	5.08	58.09
108.70	5.08	58.30
108.57	5.08	58.43
108.48	5.08	58.51
108.45	5.08	58.62
108.48	5.08	58.76
108.53	5.08	58.93
108.60	5.08	59.14
108.63	5.08	59.44
108.66	5.08	59.80
108.74	5.07	60.22
108.90	5.07	60.77
109.22	5.07	61.57
109.54	5.07	62.24
109.82	5.07	62.64
109.92	5.06	62.11
109.86	5.06	60.89
109.69	5.06	59.55
109.41	5.06	58.34
108.95	5.05	58.27
108.42	5.05	58.69
107.87	5.05	59.26
107.34	5.04	59.81
107.06	5.04	59.77
106.85	5.04	59.51
106.66	5.04	59.12
106.47	5.03	58.61
106.02	5.03	57.73
105.58	5.03	56.89
105.23	5.02	56.29
105.09	5.02	56.21
105.44	5.02	57.46
105.93	5.02	58.97
106.49	5.02	60.48
107.00	5.02	61.41
107.38	5.01	61.39
107.70	5.01	61.14
107.97	5.01	60.79
108.16	5.01	60.69
108.26	5.01	60.90
108.32	5.01	61.18
108.35	5.01	61.49
108.42	5.01	61.78
108.52	5.00	62.03
108.60	5.00	62.22
108.65	5.00	62.34
108.64	5.00	62.29
108.53	5.01	62.00
108.38	5.02	61.66
108.21	5.02	61.32
108.00	5.03	61.07
107.79	5.04	61.01
107.57	5.05	61.02
107.38	5.05	61.08
107.22	5.06	61.17
107.14	5.07	61.29
107.11	5.08	61.41
107.13	5.08	61.51
107.18	5.09	61.56
107.27	5.10	61.40
107.39	5.10	61.12
107.56	5.11	60.87
107.78	5.12	60.71
108.03	5.12	60.83
108.33	5.13	61.46
108.69	5.14	62.11
109.11	5.14	62.64
109.61	5.15	62.81
110.26	5.16	62.05
110.94	5.16	61.19
111.63	5.17	60.40
112.29	5.17	60.13
112.92	5.18	60.77
113.42	5.18	61.55
113.73	5.19	62.30
113.63	5.19	62.54
113.04	5.20	62.07
112.26	5.21	61.39
111.40	5.21	60.62
110.57	5.22	59.90
110.06	5.22	59.59
109.62	5.23	59.36
109.26	5.23	59.19
108.97	5.24	59.06
108.75	5.24	58.97
108.63	5.25	58.93
108.55	5.25	58.86
108.52	5.26	58.76
108.53	5.26	58.58
108.52	5.26	58.18
108.41	5.27	57.29
108.36	5.27	56.48
108.43	5.27	55.87
108.64	5.27	55.59
109.38	5.27	56.64
110.24	5.27	58.05
111.07	5.26	59.48
111.75	5.26	60.71
111.79	5.26	60.73
111.54	5.25	60.27
111.13	5.25	59.59
110.62	5.25	58.82
110.20	5.24	58.40
109.80	5.24	58.17
109.40	5.24	57.99
109.01	5.23	57.87
108.66	5.23	57.77
108.37	5.22	57.64
108.11	5.22	57.53
107.90	5.22	57.47
107.73	5.21	57.45
107.58	5.21	57.45
107.45	5.21	57.46
107.41	5.20	57.57
107.48	5.20	57.82
107.70	5.20	58.23
108.34	5.20	59.15
109.07	5.20	60.17
109.83	5.20	61.21
110.55	5.20	62.18
110.96	5.20	62.78
111.28	5.20	63.24
111.52	5.21	63.56
111.68	5.21	63.76
111.80	5.21	63.83
111.87	5.21	63.80
111.91	5.21	63.68
111.93	5.22	63.50
111.97	5.22	63.25
112.00	5.22	62.97
112.02	5.22	62.68
112.01	5.22	62.41
111.93	5.23	62.28
111.78	5.23	62.29
111.64	5.23	62.29
111.53	5.23	62.21
111.54	5.22	61.93
111.71	5.22	61.37
111.90	5.21	60.73
112.09	5.21	60.06
112.19	5.20	59.44
112.16	5.19	58.93
112.08	5.19	58.46
111.96	5.18	58.06
111.78	5.17	57.67
111.52	5.17	57.26
111.28	5.16	56.99
111.11	5.15	56.94
111.07	5.15	57.24
111.33	5.14	58.32
111.68	5.13	59.54
112.06	5.13	60.74
112.42	5.12	61.64
112.68	5.11	61.92
112.91	5.11	61.96
113.11	5.10	61.80
113.31	5.09	61.47
113.52	5.09	61.04
113.70	5.08	60.49
113.83	5.07	59.85
113.87	5.07	59.08
113.77	5.06	58.05
113.62	5.06	57.11
113.42	5.05	56.38
113.20	5.04	55.99
113.02	5.04	56.99
112.82	5.03	58.28
112.62	5.02	59.56
112.41	5.02	60.60
112.22	5.01	60.19
112.02	5.01	59.09
111.78	5.01	57.80
111.49	5.00	56.55
111.04	5.00	56.12
110.47	5.00	56.48
109.87	4.99	56.99
109.28	4.99	57.51
108.75	4.99	57.86
108.38	4.98	57.05
108.11	4.98	56.13
107.91	4.97	55.26
107.81	4.97	54.60
107.83	4.97	54.71
107.96	4.98	55.63
108.17	4.98	56.75
108.44	4.99	57.95
108.77	5.00	58.93
109.16	5.00	59.56
109.55	5.01	60.08
109.94	5.02	60.49
110.27	5.03	60.83
110.53	5.04	61.09
110.74	5.04	61.29
110.93	5.05	61.45
111.08	5.06	61.55
111.21	5.07	61.61
111.31	5.08	61.66
111.38	5.08	61.73
111.40	5.09	61.86
111.28	5.10	62.28
111.18	5.10	62.66
111.14	5.11	62.95
111.19	5.11	63.06
111.74	5.11	62.58
112.37	5.11	61.88
112.93	5.11	61.07
113.33	5.11	60.23
113.05	5.10	59.53
112.51	5.10	58.91
111.83	5.09	58.37
111.11	5.09	57.94
110.60	5.08	57.81
110.17	5.08	57.80
109.80	5.07	57.85
109.51	5.07	57.93
109.38	5.06	57.92
109.44	5.06	57.76
109.57	5.05	57.57
109.72	5.05	57.40
109.87	5.04	57.24
109.87	5.04	57.20
109.73	5.04	57.26
109.62	5.04	57.32
109.58	5.04	57.37
109.73	5.04	57.35
110.21	5.04	57.17
110.76	5.05	56.98
111.34	5.06	56.77
111.84	5.06	56.61
112.17	5.07	56.53
112.41	5.07	56.49
112.55	5.08	56.49
112.58	5.08	56.54
112.39	5.09	56.63
112.11	5.09	56.77
111.77	5.10	56.92
111.41	5.10	57.10
111.10	5.11	57.32
110.84	5.11	57.56
110.62	5.12	57.78
110.42	5.12	57.95
110.26	5.12	58.04
110.18	5.13	57.82
110.14	5.13	57.53
110.13	5.13	57.26
110.15	5.13	57.07
110.27	5.13	57.26
110.43	5.13	57.67
110.53	5.13	58.09
110.52	5.13	58.46
110.09	5.13	58.43
109.42	5.13	58.13
108.76	5.13	57.78
108.21	5.13	57.43
108.24	5.13	57.32
108.86	5.13	57.48
109.68	5.13	57.72
110.58	5.13	57.99
111.47	5.13	58.26
111.92	5.13	58.40
112.07	5.13	58.44
112.22	5.13	58.46
112.42	5.13	58.45
112.84	5.13	58.44
113.75	5.13	58.51
114.71	5.13	58.52
115.63	5.13	58.45
116.37	5.13	58.23
116.63	5.12	57.62
116.71	5.12	56.97
116.67	5.12	56.37
116.54	5.12	55.97
116.41	5.11	56.24
116.24	5.11	56.67
116.03	5.11	57.20
115.80	5.11	57.73
115.60	5.10	58.11
115.43	5.10	58.23
115.24	5.10	58.23
115.01	5.10	58.08
114.75	5.09	57.79
114.29	5.09	57.02
113.71	5.09	55.96
113.16	5.09	54.95
112.70	5.09	54.14
112.41	5.08	53.72
112.59	5.08	54.44
112.88	5.08	55.41
113.23	5.08	56.49
113.59	5.08	57.53
113.76	5.08	58.09
113.89	5.08	58.44
113.98	5.08	58.55
114.04	5.08	58.40
114.05	5.08	57.35
114.04	5.08	56.07
114.04	5.08	54.87
114.04	5.08	53.97
114.08	5.08	54.37
114.18	5.08	55.97
114.30	5.08	57.72
114.45	5.08	59.32
114.65	5.08	60.13
114.90	5.08	59.30
115.17	5.08	58.10
115.45	5.08	56.76
115.73	5.08	55.65
116.01	5.08	55.20
116.24	5.08	54.92
116.39	5.08	54.75
116.37	5.08	54.62
116.12	5.08	54.47
115.79	5.08	54.37
115.41	5.08	54.35
115.06	5.08	54.45
114.85	5.08	54.80
114.64	5.08	55.13
114.43	5.08	55.38
114.21	5.08	55.47
113.80	5.08	54.89
113.41	5.08	54.12
113.07	5.07	53.29
112.83	5.07	52.46
112.88	5.07	51.76
113.14	5.07	51.26
113.51	5.07	51.00
113.97	5.07	51.07
114.52	5.07	52.02
115.11	5.06	53.59
115.66	5.06	55.19
116.12	5.05	56.56
116.28	5.05	56.76
116.21	5.05	56.11
116.07	5.04	55.19
115.93	5.04	54.19
116.01	5.03	53.70
116.26	5.03	53.65
116.52	5.03	53.73
116.74	5.02	53.90
116.80	5.02	54.13
116.58	5.01	54.38
116.30	5.01	54.59
116.00	5.00	54.69
115.75	5.00	54.61
115.72	5.00	53.73
115.75	5.01	52.80
115.83	5.01	51.98
115.96	5.01	51.44
116.13	5.02	52.29
116.32	5.02	53.57
116.51	5.03	54.89
116.67	5.03	56.03
116.71	5.04	55.92
116.67	5.04	54.96
116.62	5.05	53.86
116.60	5.05	52.83
116.70	5.05	52.48
116.98	5.06	53.28
117.28	5.06	54.32
117.56	5.07	55.42
117.77	5.07	56.44
117.61	5.08	56.55
117.39	5.08	56.48
117.19	5.08	56.36
117.06	5.09	56.27
117.28	5.10	56.56
117.64	5.10	56.99
118.06	5.11	57.46
118.47	5.12	57.91
118.77	5.13	58.20
119.02	5.14	58.43
119.20	5.14	58.60
119.32	5.15	58.71
119.32	5.16	58.77
119.25	5.17	58.78
119.14	5.18	58.72
118.97	5.18	58.63
118.76	5.19	58.50
118.53	5.20	58.30
118.29	5.21	57.98
118.07	5.21	57.44
117.88	5.22	56.42
117.73	5.23	55.43
117.61	5.23	54.65
117.55	5.24	54.36
117.57	5.24	55.18
117.63	5.24	56.24
117.72	5.24	57.36
117.80	5.24	58.13
117.86	5.25	58.42
117.94	5.25	58.58
118.07	5.25	58.68
118.30	5.25	58.96
118.60	5.25	59.30
118.93	5.26	59.57
119.26	5.26	59.69
119.57	5.26	59.37
119.85	5.26	58.85
120.07	5.26	58.26
120.22	5.27	57.66
120.07	5.27	57.40
119.90	5.27	57.15
119.80	5.27	56.83
119.92	5.27	56.21
120.57	5.27	54.77
121.30	5.27	53.56
122.00	5.27	52.87
122.41	5.26	53.93
122.46	5.26	56.75
122.39	5.26	59.80
122.26	5.26	62.55
122.27	5.25	62.98
122.27	5.25	62.39
122.23	5.25	61.39
122.09	5.25	60.33
121.80	5.24	60.06
121.40	5.24	59.86
120.86	5.24	59.67
120.12	5.24	59.36
119.18	5.23	58.90
118.18	5.23	58.45
117.19	5.23	58.06
116.47	5.23	58.09
115.79	5.23	58.14
115.11	5.22	58.08
114.27	5.22	57.48
113.21	5.22	56.19
112.22	5.22	54.94
111.41	5.21	54.00
111.22	5.21	54.46
111.35	5.21	55.52
111.60	5.21	56.75
111.88	5.21	57.77
112.03	5.22	58.11
112.10	5.22	58.21
112.03	5.22	58.07
111.62	5.22	57.55
110.95	5.22	56.80
110.22	5.22	56.04
109.49	5.22	55.42
109.07	5.23	55.74
108.77	5.23	56.29
108.54	5.23	56.88
108.35	5.23	57.33
108.10	5.23	56.94
107.86	5.23	56.11
107.68	5.23	55.14
107.60	5.24	54.16
107.67	5.24	53.28
107.90	5.24	52.61
108.26	5.24	52.22
108.75	5.24	52.23
109.29	5.24	53.16
109.97	5.24	54.69
110.85	5.25	56.38
112.03	5.25	58.02
113.87	5.25	59.03
115.84	5.25	59.88
117.77	5.25	60.61
119.31	5.25	61.38
120.43	5.25	62.15
121.28	5.26	62.73
121.84	5.26	63.02
122.04	5.26	62.82
122.02	5.26	62.28
121.83	5.26	61.39
121.58	5.27	59.92
121.31	5.27	57.95
120.97	5.27	55.90
120.59	5.27	53.97
120.18	5.27	52.79
119.75	5.27	52.38
119.31	5.28	52.27
118.90	5.28	52.34
118.51	5.28	52.33
118.18	5.28	51.99
117.90	5.28	51.77
117.71	5.28	51.77
117.64	5.28	52.09
117.91	5.28	53.26
118.19	5.28	54.65
118.39	5.28	56.18
118.34	5.28	57.71
117.84	5.28	59.13
117.17	5.28	60.35
116.42	5.27	61.26
115.69	5.27	61.48
115.02	5.27	60.97
114.37	5.26	60.10
113.76	5.26	58.97
113.22	5.26	57.66
112.76	5.25	56.26
112.36	5.25	54.91
112.03	5.25	53.76
111.77	5.25	52.96
111.56	5.24	53.12
111.43	5.24	53.56
111.42	5.24	54.18
111.54	5.23	54.87
111.93	5.23	55.16
112.41	5.23	55.50
112.95	5.24	55.95
113.50	5.24	56.72
114.02	5.24	57.99
114.48	5.25	59.21
114.82	5.25	60.22
114.90	5.26	60.36
114.77	5.26	59.85
114.52	5.27	59.08
114.19	5.27	58.20
113.80	5.27	57.47
113.40	5.28	56.87
113.03	5.28	56.45
112.71	5.29	56.28
112.66	5.29	57.15
112.71	5.30	58.28
112.78	5.30	59.31
112.83	5.30	59.98
112.58	5.31	58.77
112.23	5.31	56.72
111.96	5.31	54.82
111.86	5.32	53.52
112.30	5.32	55.06
113.04	5.32	57.77
113.91	5.32	60.55
114.86	5.31	62.71
115.74	5.31	62.29
116.61	5.31	61.26
117.42	5.30	59.90
118.11	5.30	58.83
118.65	5.30	58.26
119.10	5.29	57.87
119.46	5.29	57.64
119.70	5.28	57.90
119.87	5.28	58.36
119.97	5.28	58.75
120.02	5.27	58.90
120.08	5.27	57.70
120.13	5.27	55.96
120.15	5.26	54.25
120.15	5.26	52.88
120.15	5.26	53.13
120.14	5.25	54.91
120.09	5.25	56.92
119.98	5.25	58.81
119.77	5.25	59.69
119.43	5.25	58.45
118.99	5.25	56.83
118.45	5.26	55.14
117.80	5.26	53.68
116.87	5.26	54.24
115.87	5.26	55.28
114.87	5.26	56.49
113.95	5.26	57.67
113.25	5.26	58.04
112.83	5.26	57.49
112.56	5.27	56.84
112.45	5.27	56.24
112.49	5.27	55.94
112.81	5.27	57.02
113.21	5.27	58.15
113.65	5.27	59.12
114.08	5.27	59.51
114.40	5.26	58.20
114.65	5.26	56.61
114.78	5.26	55.03
114.70	5.25	54.09
114.33	5.25	54.44
113.87	5.25	55.04
113.38	5.25	55.69
112.95	5.24	55.76
112.67	5.24	55.03
112.45	5.24	54.33
112.30	5.24	53.88
112.25	5.23	54.51
112.30	5.23	56.24
112.44	5.23	57.97
112.68	5.22	59.35
113.16	5.22	58.93
113.73	5.21	57.58
114.28	5.21	55.94
114.72	5.20	54.33
114.80	5.19	53.84
114.74	5.19	53.52
114.58	5.18	53.28
114.32	5.17	52.94
113.97	5.17	52.25
113.63	5.16	51.49
113.36	5.15	50.67
113.37	5.15	49.71
113.67	5.14	48.67
113.98	5.13	47.83
114.20	5.13	47.31
113.95	5.12	47.82
113.42	5.11	48.91
112.81	5.11	50.18
112.17	5.10	51.44
111.82	5.09	51.69
111.52	5.09	51.81
111.21	5.08	52.01
110.86	5.07	52.46
110.22	5.07	54.18
109.53	5.06	56.25
108.87	5.05	58.33
108.31	5.05	60.20
108.20	5.05	60.94
108.21	5.05	61.25
108.26	5.06	61.27
108.29	5.06	61.09
107.85	5.07	61.19
107.37	5.07	61.13
107.02	5.08	60.76
106.96	5.09	59.89
107.65	5.10	57.83
108.52	5.10	55.62
109.46	5.11	53.56
110.24	5.12	52.33
110.79	5.13	52.07
111.18	5.13	52.29
111.41	5.14	52.93
111.28	5.15	54.16
110.94	5.16	55.65
110.55	5.17	57.08
110.19	5.17	58.23
110.21	5.18	58.18
110.37	5.19	57.59
110.58	5.19	56.66
110.80	5.20	55.49
110.84	5.21	53.71
110.86	5.21	52.03
110.94	5.22	50.85
111.10	5.22	50.49
111.69	5.22	53.26
112.33	5.23	56.67
112.93	5.23	60.08
113.34	5.23	62.53
113.35	5.24	62.65
113.20	5.24	61.91
112.92	5.24	60.45
112.56	5.25	58.21
112.16	5.25	55.23
111.71	5.25	52.24
111.25	5.26	49.58
110.79	5.26	47.83
110.44	5.26	48.99
110.11	5.27	50.83
109.79	5.27	52.99
109.47	5.27	55.13
109.00	5.27	55.75
108.52	5.28	55.61
108.15	5.28	55.39
107.95	5.28	55.30
108.18	5.28	56.09
108.80	5.28	57.63
109.52	5.28	59.26
110.28	5.28	60.79
110.90	5.27	61.74
111.37	5.27	62.21
111.72	5.27	62.34
111.90	5.26	62.13
111.71	5.26	61.24
111.34	5.26	60.07
110.85	5.25	58.82
110.30	5.25	57.61
109.84	5.25	57.01
109.41	5.24	56.71
109.00	5.24	56.62
108.63	5.24	56.72
108.29	5.23	56.99
108.00	5.23	57.45
107.78	5.23	58.01
107.66	5.22	58.62
107.66	5.22	59.24
107.86	5.22	59.74
108.21	5.21	60.19
108.67	5.21	60.60
109.23	5.21	60.97
109.89	5.20	61.16
110.63	5.19	61.32
111.40	5.17	61.59
112.19	5.16	62.08
113.10	5.14	63.47
113.88	5.13	64.80
114.40	5.12	65.78
114.30	5.10	65.71
113.58	5.09	64.52
112.68	5.07	62.82
111.73	5.06	60.74
111.26	5.04	58.37
110.91	5.03	55.96
110.66	5.02	53.69
110.48	5.00	51.80
110.30	4.99	51.34
110.17	4.97	51.35
110.08	4.96	51.74
110.02	4.94	52.39
110.00	4.93	53.16
110.00	4.92	53.71
110.03	4.90	54.26
110.09	4.89	54.78
110.18	4.87	55.22
110.30	4.86	55.46
110.41	4.84	55.08
110.58	4.83	54.70
110.83	4.82	54.46
111.17	4.80	54.46
111.68	4.79	55.48
112.33	4.77	57.12
113.09	4.76	58.71
113.93	4.75	60.02
114.93	4.75	60.05
116.00	4.76	59.24
117.06	4.77	58.25
118.06	4.79	57.33
118.92	4.80	57.74
119.62	4.81	58.43
120.14	4.82	59.03
120.46	4.83	59.32
120.28	4.84	57.79
119.92	4.85	55.94
119.46	4.86	54.00
118.97	4.87	52.25
118.82	4.88	52.09
118.74	4.89	52.46
118.62	4.90	53.03
118.42	4.91	53.62
117.93	4.92	53.73
117.08	4.92	53.11
116.17	4.92	52.36
115.27	4.93	51.55
114.44	4.93	50.78
113.75	4.93	50.13
113.27	4.93	49.67
113.07	4.93	49.50
113.23	4.93	49.70